a.toy: 1,0.18454966338194143 2,0.3010299956639812 
b.toy: 1,0.16254904394775976 3,0.6020599913279624 
c.toy: 1,0.16254904394775976 
d.toy: 2,0.39164905395343774 
