a.txt    : 4,0.47712125471966244 8,0.47712125471966244 9,0.22910001000567795 12,0.47712125471966244 
b.txt    : 7,0.17609125905568124 9,0.17609125905568124 10,0.22910001000567795 11,0.47712125471966244 
c.txt    : 1,0.47712125471966244 3,0.6207490639591157 5,0.47712125471966244 6,0.47712125471966244 7,0.17609125905568124 10,0.22910001000567795 
