a.txt: 5,0.47712125471966244 6,0.22910001000567795 8,0.47712125471966244 9,0.22910001000567795 11,0.47712125471966244 
b.txt: 3,0.22910001000567795 6,0.17609125905568124 7,0.17609125905568124 10,0.47712125471966244 11,0.22910001000567795 
c.txt: 1,0.22910001000567795 3,0.6207490639591157 4,0.47712125471966244 5,0.22910001000567795 7,0.6207490639591157 8,0.47712125471966244 10,0.47712125471966244 11,0.17609125905568124 
